0 THOR ABLESTAR R/B
1    59U 60013B   16009.93004665 +.00000112 +00000-0 +35635-4 0  9993
2    59 028.2482 262.2231 0189095 005.0701 355.1714 13.52932806726971
0 THOR ABLESTAR R/B
1 00204U 61031C   16011.52043251  .00000029  00000-0  86393-5 0  9993
2 00204  32.4422  95.5276 0098495 121.0464 239.9870 13.64827907702646
0 THOR ABLESTAR R/B
1 00447U 62060B   16010.23841263 -.00000123  00000-0  76680-5 0  9995
2 00447  50.1317 348.1086 0065893 302.5976 156.7246 13.39010941601882
0 SCOUT X-4 R/B
1   721U 63053B   16009.88729558 +.00000068 +00000-0 +34744-4 0  9995
2   721 078.6094 261.5197 1087839 136.5745 232.6446 12.53540594372348
0 SCOUT X-4 R/B
1 01358U 65032B   16011.43756709 -.00000049  00000-0  46331-4 0  9998
2 01358  41.1904 145.1878 0249626 237.8452 166.5821 13.37946452477812
0 SL-8 R/B
1 01575U 65070F   16011.21832256 -.00000084  00000-0  80100-4 0  9990
2 01575  56.1256  71.0583 0095322 327.6978  69.7508 12.56959239312082
0 DIAMANT R/B
1 02017U 66013B   16010.86200595  .00000542  00000-0  14050-3 0  9993
2 02017  34.0687 218.0922 1084952 215.5845 136.7497 12.82379983278975
0 DIAMANT R/B
1 02682U 67014B   16010.85967126  .00000037  00000-0  42296-4 0  9995
2 02682  39.4647 345.4970 0761187 233.0720 119.7914 13.28853838356669
0 SL-8 R/B
1 03131U 68011B   16010.76595904  .00000165  00000-0  47103-3 0  9997
2 03131  74.0519  74.1763 0015009 325.4436  34.5676 13.17930928303770
0 SL-8 R/B
1  3577U 68106B   16009.93575714 -.00000058 +00000-0 -97075-4 0  9997
2  3577 074.0505 321.1272 0034791 356.1797 058.8997 13.18909390266996
0 SL-8 R/B
1 03819U 69024B   16010.65527995 -.00000024  00000-0 -11585-4 0  9990
2 03819  73.9872 171.9909 0010104 351.0419  65.1328 13.19453923254752
0 SL-8 R/B
1 04255U 69103B   16011.20683520 -.00000055  00000-0 -75822-4 0  9990
2 04255  74.0139  32.6863 0011816 323.7512 105.1315 13.29510607238373
0 SL-11 R/B
1 04597U 70089B   16011.49866213 -.00000070  00000-0  14402-4 0  9990
2 04597  62.9304 171.5331 1007839  80.9615 290.3890 12.94629298266758
0 SL-8 R/B
1 05181U 71038B   16010.54028436  .00000130  00000-0  36588-3 0  9991
2 05181  73.9983 234.6830 0054910 129.3677 248.4914 13.20630708154873
0 M-4S R/B
1 05498U 71080B   16010.47079226  .00000046  00000-0  24929-4 0  9997
2 05498  32.0310 108.0249 0574168 210.8684 145.6918 12.88314811 85959
0 SL-8 R/B
1 05615U 71099B   16010.77436588 -.00000029  00000-0 -25817-4 0  9999
2 05615  74.0314 247.8738 0022288 157.2252 247.5223 13.17592227123104
0 SL-8 R/B
1  6320U 72102B   16009.92353946 -.00000025 +00000-0 -35685-4 0  9990
2  6320 074.0146 116.6459 0025128 253.7213 244.2482 12.76923752006688
0 SL-8 R/B
1  6826U 73064B   16009.90336439 -.00000020 +00000-0 -13534-4 0  9999
2  6826 074.0224 299.0593 0029894 252.5718 173.2892 12.69702866962682
0 SL-8 R/B
1 07284U 74028B   16010.21063578 -.00000040  00000-0 -11506-3 0  9994
2 07284  74.0412 321.7839 0016533 146.8022 315.9340 12.71585169935675
0 SL-8 R/B
1 07426U 74069B   16010.40647288  .00000009  00000-0  12845-3 0  9994
2 07426  74.0585 345.1411 0043602  38.1959 117.8745 12.68795033301055
0 SL-8 R/B
1 07665U 75012B   16009.91047602 -.00000057  00000-0 -74573-4 0  9998
2 07665  69.2279 262.4007 0021549  18.5262  59.5995 12.70348267897317
0 N-1 R/B
1 08352U 75082B   16010.44726671 -.00000123  00000-0  62563-5 0  9999
2 08352  46.9885 339.1429 0084275  60.6906  88.6207 13.60770948  5140
0 DELTA 1 R/B(1)
1 10062U 77048B   16011.02921846  .00000218  00000-0  49299-4 0  9994
2 10062  28.4143 212.9055 0737154  32.7671 331.6482 13.36453518876872
0 DELTA 1 R/B(1)
1 10144U 77065B   16011.22663295  .00000746  00000-0  20743-3 0  9995
2 10144  29.0616 313.7847 0859616  44.1872 322.4193 13.21396513858133
0 DELTA 1 R/B(1)
1 10295U 77080B   16009.69914731 +.00000091 +00000-0 -15624-5 0  9999
2 10295 027.0963 105.6091 0766585 193.1726 164.7643 12.47952822727711
0 DELTA 1 R/B(1)
1 10490U 77108B   16011.37156881  .00001131  00000-0  26884-3 0  9992
2 10490  28.3013 335.8387 1174102 354.2376   4.5642 12.65938373746416
0 DELTA 1 R/B(1)
1 10517U 77118B   16010.90109531  .00000544  00000-0  83883-4 0  9991
2 10517  28.6597 322.6326 0849780 115.7383 253.3320 13.39025728838974
0 N-1 R/B
1 10675U 78018B   16011.23579956 -.00000045  00000-0  94282-5 0  9998
2 10675  69.3599 336.8455 0164582 274.9438 181.6293 13.44607120860067
0 DELTA 1 R/B(1)
1 10793U 78039B   16010.15692926  .00000169  00000-0  21415-4 0  9998
2 10793  28.2356 326.5616 0884554 248.0416 102.3865 13.05185731795332
0 DELTA 1 R/B(1)
1 10954U 78062B   16010.10786607  .00000516  00000-0  13189-3 0  9992
2 10954  28.4254 244.9958 0699514  88.8988 279.1557 13.50643421845754
0 SL-8 R/B
1 12115U 80102J   16010.80681231  .00000064  00000-0  51239-3 0  9991
2 12115  73.9889 234.1125 0020517 282.7689 202.0737 12.52358937602487
0 N-1 R/B
1 13493U 82087B   16010.24160324 -.00000072  00000-0  58923-4 0  9996
2 13493  44.6244  63.5434 0173103 352.4858  56.7289 13.44485877638691
0 DELTA 1 R/B(1)
1 14051U 83041B   16010.54133671  .00003459  00000-0  31904-3 0  9996
2 14051  25.3404  76.0576 1105840 312.4457  38.7544 13.06501160509847
0 SL-14 R/B
1 14522U 83115B   16010.49801584 -.00000019  00000-0 -12597-4 0  9999
2 14522  73.6172   2.9151 0025682  18.6440 151.5513 12.41571294456479
0 DELTA 1 R/B(1)
1 15392U 84115B   16011.52233718  .00000137  00000-0 -86751-5 0  9993
2 15392  21.4879 179.4330 1034517  72.9606 298.1412 12.45515167418806
0 SL-14 R/B
1 15822U 85047B   16010.81797721  .00000003  00000-0  14481-3 0  9996
2 15822  73.6230 229.8427 0024326 115.6890  11.8615 12.41258160385684
0 SL-14 R/B
1 16594U 86015B   16011.16721463 -.00000033  00000-0 -11588-3 0  9998
2 16594  73.6108 357.3342 0026086 114.0124 326.1168 12.41482979355955
0 SL-14 R/B
1 17536U 87020B   16011.19292623 -.00000004  00000-0  99207-4 0  9998
2 17536  73.6121 111.9059 0027552 283.3707  92.9004 12.41611158273513
0 SL-14 R/B
1 19196U 88046B   16010.90076250 -.00000025  00000-0 -54711-4 0  9990
2 19196  73.5977 159.6474 0021362 236.1497 293.2706 12.41396149251713
0 SL-14 R/B
1 20721U 90066B   16010.20048890 -.00000016  00000-0  10388-4 0  9994
2 20721  73.5993  90.1977 0024575 300.7790  73.4233 12.41061703153198
0 DELTA 2 R/B
1 21228U 91028B   16011.23679998  .00000211  00000-0  15656-4 0  9998
2 21228  23.9979 297.8622 1143699 203.7001 322.2105 12.53214856132129
0 DELTA 2 R/B
1 21393U 91037B   16010.06653877  .00005549  00000-0  44993-3 0  9993
2 21393  24.9789 242.5638 0929826  75.0336 295.1107 13.46744343180349
0 ARIANE 42P R/B
1 22079U 92052D   16009.94580404 -.00000001 +00000-0 +26462-3 0  9993
2 22079 066.0657 251.2039 0074578 234.1529 209.1255 12.77839729092405
0 SL-14 R/B
1 22283U 92092B   16011.47276515 -.00000023  00000-0 -37122-4 0  9991
2 22283  73.6265  19.3937 0059686 260.5527 210.2907 12.48277442 50682
0 APEX R/B
1 23198U 94046B   16011.17613560  .00004230  00000-0  22381-3 0  9992
2 23198  69.9676 281.0204 0931842 241.9880 108.3943 13.59135011 21295
0 DELTA 2 R/B(1)
1 23640U 95041B   16010.49646446  .00000128  00000-0  33874-4 0  9995
2 23640  26.6747 124.4323 0289619 299.6173 144.9171 13.27993463992666
0 DELTA 2 R/B(1)
1 24809U 97025B   16010.56464074  .00000202  00000-0  42095-4 0  9998
2 24809  26.2970 160.2353 0666583 271.4173 173.6017 13.29953304906481
0 DELTA 2 R/B(1)
1 25135U 98002B   16009.55567641  .00000142  00000-0  27731-4 0  9991
2 25135  26.8857  54.9085 0356572   9.0790 146.8443 13.62324319896926
0 DELTA 2 R/B(1)
1 25359U 98035B   16009.93213425 +.00000099 +00000-0 -22482-4 0  9995
2 25359 026.3881 287.7539 0513832 244.9928 197.8685 12.94432804832492
0 DELTA 2 R/B
1 25774U 99031E   16011.17584876 -.00000093  00000-0  41148-4 0  9997
2 25774  51.5278 245.0990 0375313 331.7239 180.4375 13.46400085816008
0 DELTA 2 R/B(2) (PAM-D)
1 27706U 03010C   16011.49673673  .00361025  33769-5  10203-2 0  9998
2 27706  38.8096  20.6488 1381206  40.5763 329.0072 13.05016736332139
0 CZ-4C R/B
1 36416U 10009D   16010.80388175 -.00000044  00000-0  40374-4 0  9999
2 36416  63.4426 226.9062 0335729 357.9421   2.0215 13.69486407292690
0 CZ-4C R/B
1 40112U 14047D   16010.16632211 -.00000052  00000-0  44147-4 0  9996
2 40112  63.4518  44.8383 0189730  14.0377 346.5832 13.69326391 71043
0 CZ-4C R/B
1 40341U 14080D   16010.49525633 -.00000064  00000-0  33234-4 0  9990
2 40341  63.4653 344.3102 0169498  14.0012 346.5641 13.68967924 54152
0 ARIANE 1 R/B
1 16615U 86019C   16011.15902106  .00000077  00000-0  45776-4 0  9993
2 16615  98.6808  74.5863 0012562 140.7915 244.4715 14.31556360564664
0 ARIANE 40 R/B
1 20443U 90005H   16011.52874183  .00000186  00000-0  77220-4 0  9991
2 20443  98.7809  34.7119 0011411 108.4586  53.3704 14.37782899359716
0 ARIANE 40 R/B
1 21610U 91050F   16010.55587772  .00000071  00000-0  36557-4 0  9997
2 21610  98.6789  55.7194 0004166  74.3268  86.0514 14.40690697284719
0 ARIANE 42P R/B
1 22079U 92052D   16009.94580404 -.00000001 +00000-0 +26462-3 0  9993
2 22079 066.0657 251.2039 0074578 234.1529 209.1255 12.77839729092405
0 ARIANE 40 R/B
1 22830U 93061H   16010.66911318 -.00000005  00000-0  15512-4 0  9991
2 22830  98.8796   7.9979 0011279  21.4730 107.6291 14.31392246163351
0 ARIANE 40+ R/B
1 23561U 95021B   16010.52752987  .00000113  00000-0  52956-4 0  9993
2 23561  98.7547 354.6664 0007313  17.2490  91.3862 14.37691184 86007
0 ARIANE 40+3 R/B
1 23608U 95033D   16011.18960982  .00001441  00000-0  13627-3 0  9993
2 23608  98.2284 271.8787 0017195 174.9729 185.1666 14.95319712109573
0 ARIANE 40 R/B
1 25261U 98017B   16010.52642296  .00000163  00000-0  74546-4 0  9995
2 25261  98.4828 320.2811 0002917 182.9388 308.2213 14.33418163929993
0 ARIANE 40 R/B
1 25979U 99064C   16011.46603387  .00001333  00000-0  13059-3 0  9997
2 25979  98.2700 192.0849 0005680 223.2128 136.8645 14.94111804872106
0 ARIANE 5 R/B
1 27387U 02009B   16010.96539795  .00000016  00000-0  20244-4 0  9992
2 27387  98.3952 325.9843 0031260 258.3647 101.4030 14.35879766726455
0 ARIANE 5 R/B
1 28499U 04049H   16011.27154178  .00000242  00000-0  37307-4 0  9995
2 28499  98.1283  83.9056 0094097 102.8028 298.6624 14.79610525596665
0 ATLAS CENTAUR 2 R/B
1 00694U 63047A   16010.54650503  .00001742  00000-0  21695-3 0  9995
2 00694  30.3556 164.6735 0590080 170.2734 190.9867 14.01504841609183
0 ATLAS D R/B
1 01616U 65078B   16011.15951334  .00005895  00000-0  56686-3 0  9991
2 01616 144.2410 340.7138 1112254   3.7682 357.0761 13.04138691249426
0 ATLAS AGENA D R/B
1 02144U 66031B   16011.05019499  .00000093  00000-0  33407-4 0  9996
2 02144  35.0413 218.1126 0009094 309.6866  50.3022 14.42509273612525
0 ATLAS D R/B
1 02328U 66063C   16011.52866310  .00000249  00000-0  19229-5 0  9999
2 02328 144.2295 231.8429 0010087 313.7769  75.4030 13.69758497478170
0 ATLAS CENTAUR R/B
1 03598U 68110B   16010.49200141  .00000191  00000-0  48419-4 0  9991
2 03598  34.9948  54.1556 0049905 299.9903  59.5843 14.54163046490199
0 ATLAS CENTAUR R/B
1 06155U 72065B   16010.56324197  .00000326  00000-0  55413-4 0  9995
2 06155  35.0043 280.3130 0038180 344.5426  15.4105 14.71073798314808
0 ATLAS F BURNER 2 R/B
1 06218U 72076C   16011.37102713  .00000078  00000-0  28985-4 0  9993
2 06218  98.5054 290.1040 0012957  71.6901 288.5704 14.55284523292213
0 ATLAS 41E R/B
1 15596U 85021B   16011.45427243  .00000043  00000-0  54824-4 0  9996
2 15596 108.0364 184.7843 0031454  95.6869 288.9295 14.41591161618028
0 ATLAS 1 CENTAUR R/B(1)
1 22788U 93056B   16011.16009879  .00394673 -73921-5  91648-3 0  9990
2 22788  26.8507   6.7146 0492940 153.8068 208.8319 15.06621614710685